#
# Column 1: M500 (1E13 Msun)
# Column 2: dM500- (1E13 Msun)
# Column 3: dM500+ (1E13 Msun)
# Column 4: fgas500
# Column 5: dfgas500+
# Column 6: dfgas500-
# Column 7: reference
#
# All values scaled to H0=70 km/s/Mpc
# M500 scales as h^-1
# fgas scales as h^-1.5
#
     3.316     0.334     0.386     0.103     0.013     0.010             Sun2009
     5.058     0.740     0.709     0.092     0.010     0.010             Sun2009
     4.067     0.229     0.417     0.072     0.006     0.003             Sun2009
     1.543     0.375     0.250     0.052     0.009     0.011             Sun2009
     5.058     0.574     0.553     0.073     0.010     0.006             Sun2009
     5.506     0.876     0.761     0.064     0.010     0.007             Sun2009
     8.854     2.054     2.096     0.081     0.012     0.011             Sun2009
    10.741     2.190     1.356     0.086     0.011     0.012             Sun2009
     2.086     0.292     0.480     0.115     0.022     0.013             Sun2009
     8.239     1.105     1.147     0.091     0.010     0.009             Sun2009
     5.840     2.711     1.147     0.060     0.013     0.015             Sun2009
    13.453     2.816     1.773     0.081     0.011     0.011             Sun2009
     8.343     1.366     1.460     0.080     0.007     0.014             Sun2009
    14.704     5.214     3.546     0.121     0.022     0.021             Sun2009
     3.358     1.877     0.939     0.079     0.014     0.019             Sun2009
    15.539     5.214     3.650     0.094     0.017     0.022             Sun2009
    13.974     2.607     1.981     0.100     0.011     0.013             Sun2009
     7.196     3.129     1.742     0.100     0.019     0.033             Sun2009
     9.334     1.888     1.689     0.083     0.014     0.014             Sun2009
     9.177     1.345     1.241     0.105     0.012     0.010             Sun2009
     8.656     3.233     1.168     0.069     0.007     0.013             Sun2009
    10.116     3.118     1.992     0.096     0.015     0.021             Sun2009
     8.239     3.024     1.043     0.099     0.012     0.017             Sun2009
    32.606     3.909     3.909     0.087     0.006     0.006       Vikhlinin2006
    31.474     3.189     3.189     0.129     0.007     0.007       Vikhlinin2006
    78.994    10.389    10.389     0.125     0.011     0.011       Vikhlinin2006
    46.903     3.806     3.806     0.129     0.006     0.006       Vikhlinin2006
    77.863     7.817     7.817     0.112     0.007     0.007       Vikhlinin2006
    62.023     5.349     5.349     0.108     0.006     0.006       Vikhlinin2006
    12.651     1.749     1.749     0.106     0.008     0.008       Vikhlinin2006
    82.389     7.611     7.611     0.128     0.007     0.007       Vikhlinin2006
   110.469    11.109    11.109     0.147     0.009     0.009       Vikhlinin2006
     7.920     1.029     1.029     0.065     0.006     0.006       Vikhlinin2006
    23.661     2.397     2.397     0.095     0.010     0.010           Pratt2009
    38.638     3.914     3.914     0.116     0.012     0.012           Pratt2009
    42.930     4.349     4.349     0.108     0.011     0.011           Pratt2009
    15.410     1.561     1.561     0.101     0.010     0.010           Pratt2009
    44.543     4.513     4.513     0.115     0.012     0.012           Pratt2009
     8.032     0.814     0.814     0.097     0.010     0.010           Pratt2009
    12.692     1.286     1.286     0.074     0.008     0.008           Pratt2009
     9.820     0.995     0.995     0.084     0.009     0.009           Pratt2009
    49.752     5.040     5.040     0.122     0.012     0.012           Pratt2009
    34.805     3.526     3.526     0.122     0.012     0.012           Pratt2009
    26.584     2.693     2.693     0.107     0.011     0.011           Pratt2009
    67.481     6.836     6.836     0.141     0.014     0.014           Pratt2009
    13.965     1.415     1.415     0.089     0.009     0.009           Pratt2009
    52.679     5.337     5.337     0.106     0.011     0.011           Pratt2009
    20.169     2.043     2.043     0.126     0.013     0.013           Pratt2009
    20.026     2.029     2.029     0.110     0.011     0.011           Pratt2009
    13.065     1.324     1.324     0.091     0.009     0.009           Pratt2009
    19.395     1.965     1.965     0.096     0.010     0.010           Pratt2009
    86.373     8.750     8.750     0.133     0.014     0.014           Pratt2009
    30.048     3.044     3.044     0.114     0.012     0.012           Pratt2009
    22.008     2.230     2.230     0.117     0.012     0.012           Pratt2009
    45.056     4.564     4.564     0.137     0.014     0.014           Pratt2009
    13.128     1.330     1.330     0.085     0.009     0.009           Pratt2009
    35.880     3.635     3.635     0.131     0.013     0.013           Pratt2009
    23.916     2.423     2.423     0.100     0.010     0.010           Pratt2009
    19.650     1.991     1.991     0.111     0.011     0.011           Pratt2009
    13.452     1.363     1.363     0.087     0.009     0.009           Pratt2009
    31.543     3.196     3.196     0.124     0.013     0.013           Pratt2009
    51.361     5.203     5.203     0.119     0.012     0.012           Pratt2009
    68.433     6.933     6.933     0.138     0.014     0.014           Pratt2009
    11.280     1.143     1.143     0.113     0.011     0.011           Pratt2009
    37.954     3.438     3.438     0.122     0.017     0.017             Lin2012
    66.139     6.874     6.874     0.109     0.016     0.016             Lin2012
    57.274     4.849     4.849     0.124     0.016     0.016             Lin2012
    81.726     9.122     9.122     0.115     0.018     0.018             Lin2012
    33.049     3.001     3.001     0.120     0.016     0.016             Lin2012
    79.590     6.656     6.656     0.148     0.021     0.021             Lin2012
    32.223     3.556     3.556     0.125     0.066     0.066             Lin2012
    78.933     6.857     6.857     0.131     0.019     0.019             Lin2012
    87.591     7.619     7.619     0.142     0.024     0.024             Lin2012
    66.292     7.134     7.134     0.132     0.021     0.021             Lin2012
    55.126     5.012     5.012     0.139     0.024     0.024             Lin2012
    99.074     8.399     8.399     0.146     0.016     0.016             Lin2012
    57.222     4.677     4.677     0.124     0.013     0.013             Lin2012
    87.753     8.054     8.054     0.136     0.014     0.014             Lin2012
   203.264    16.516    16.516     0.156     0.016     0.016             Lin2012
    81.388     8.248     8.248     0.128     0.014     0.014             Lin2012
   112.347    11.399    11.399     0.135     0.014     0.014             Lin2012
    80.087     8.104     8.104     0.118     0.013     0.013             Lin2012
    73.242     7.461     7.461     0.117     0.012     0.012             Lin2012
    68.891     6.919     6.919     0.145     0.016     0.016             Lin2012
    52.187     5.294     5.294     0.128     0.014     0.014             Lin2012
    76.818     7.854     7.854     0.127     0.013     0.013             Lin2012
    43.497     4.463     4.463     0.122     0.014     0.014             Lin2012
    54.270     5.607     5.607     0.121     0.013     0.013             Lin2012
    84.949     8.577     8.577     0.125     0.013     0.013             Lin2012
    56.632     5.703     5.703     0.122     0.013     0.013             Lin2012
    52.235     5.514     5.514     0.109     0.011     0.011             Lin2012
    42.576     4.268     4.268     0.110     0.012     0.012             Lin2012
    38.323     3.952     3.952     0.108     0.012     0.012             Lin2012
    45.432     4.596     4.596     0.135     0.014     0.014             Lin2012
    39.288     3.961     3.961     0.127     0.014     0.014             Lin2012
    13.091     1.357     1.357     0.104     0.017     0.017             Lin2012
    47.115     4.753     4.753     0.126     0.013     0.013             Lin2012
    51.816     5.212     5.212     0.120     0.012     0.012             Lin2012
    45.327     4.872     4.872     0.122     0.013     0.013             Lin2012
    29.105     2.997     2.997     0.104     0.011     0.011             Lin2012
    38.642     3.997     3.997     0.114     0.012     0.012             Lin2012
    29.673     3.071     3.071     0.122     0.013     0.013             Lin2012
    39.706     4.115     4.115     0.116     0.012     0.012             Lin2012
    40.101     4.109     4.109     0.130     0.013     0.013             Lin2012
    26.446     2.682     2.682     0.108     0.011     0.011             Lin2012
    18.913     1.928     1.928     0.092     0.010     0.010             Lin2012
    21.275     2.255     2.255     0.101     0.011     0.011             Lin2012
    26.709     2.694     2.694     0.103     0.011     0.011             Lin2012
    22.483     2.294     2.294     0.103     0.011     0.011             Lin2012
    28.745     2.940     2.940     0.105     0.011     0.011             Lin2012
    24.494     2.493     2.493     0.103     0.011     0.011             Lin2012
    28.429     2.863     2.863     0.110     0.011     0.011             Lin2012
    26.925     2.709     2.709     0.122     0.013     0.013             Lin2012
    31.265     3.200     3.200     0.114     0.012     0.012             Lin2012
    21.368     2.216     2.216     0.101     0.011     0.011             Lin2012
    16.814     1.716     1.716     0.101     0.011     0.011             Lin2012
    22.468     2.291     2.291     0.109     0.012     0.012             Lin2012
    19.946     2.013     2.013     0.115     0.012     0.012             Lin2012
    23.783     2.477     2.477     0.133     0.014     0.014             Lin2012
    18.701     2.133     2.133     0.103     0.011     0.011             Lin2012
    11.533     1.213     1.213     0.090     0.011     0.011             Lin2012
    15.968     1.614     1.614     0.110     0.012     0.012             Lin2012
    17.602     1.780     1.780     0.104     0.011     0.011             Lin2012
    15.044     1.538     1.538     0.115     0.013     0.013             Lin2012
    14.620     1.502     1.502     0.094     0.011     0.011             Lin2012
    16.209     1.667     1.667     0.100     0.011     0.011             Lin2012
     9.392     1.017     1.017     0.089     0.012     0.012             Lin2012
     7.712     0.784     0.784     0.080     0.011     0.011             Lin2012
    67.571     6.845     6.845     0.130     0.013     0.013         Maughan2008
    76.740     7.774     7.774     0.141     0.014     0.014         Maughan2008
    40.318     4.084     4.084     0.142     0.014     0.014         Maughan2008
    32.219     3.264     3.264     0.126     0.013     0.013         Maughan2008
    53.102     5.380     5.380     0.135     0.014     0.014         Maughan2008
    29.074     2.945     2.945     0.118     0.012     0.012         Maughan2008
    77.942     7.896     7.896     0.143     0.014     0.014         Maughan2008
    52.543     5.323     5.323     0.119     0.012     0.012         Maughan2008
    87.561     8.871     8.871     0.146     0.015     0.015         Maughan2008
    40.472     4.100     4.100     0.130     0.013     0.013         Maughan2008
    69.030     6.993     6.993     0.132     0.013     0.013         Maughan2008
    46.417     4.702     4.702     0.117     0.012     0.012         Maughan2008
    48.545     4.918     4.918     0.109     0.011     0.011         Maughan2008
    26.212     2.655     2.655     0.118     0.012     0.012         Maughan2008
    25.887     2.623     2.623     0.106     0.011     0.011         Maughan2008
    65.414     6.627     6.627     0.122     0.012     0.012         Maughan2008
    57.344     5.809     5.809     0.108     0.011     0.011         Maughan2008
    51.942     5.262     5.262     0.136     0.014     0.014         Maughan2008
    87.653     8.880     8.880     0.128     0.013     0.013         Maughan2008
    81.816     8.289     8.289     0.140     0.014     0.014         Maughan2008
    86.557     8.769     8.769     0.124     0.013     0.013         Maughan2008
    29.578     2.996     2.996     0.121     0.012     0.012         Maughan2008
    84.858     8.597     8.597     0.128     0.013     0.013         Maughan2008
    57.603     5.836     5.836     0.119     0.012     0.012         Maughan2008
    54.981     5.570     5.570     0.119     0.012     0.012         Maughan2008
    58.827     5.960     5.960     0.126     0.013     0.013         Maughan2008
    16.650     1.687     1.687     0.132     0.013     0.013         Maughan2008
   224.049    22.698    22.698     0.145     0.015     0.015         Maughan2008
    84.867     8.598     8.598     0.136     0.014     0.014         Maughan2008
    59.947     6.073     6.073     0.130     0.013     0.013         Maughan2008
    43.277     4.384     4.384     0.122     0.012     0.012         Maughan2008
    63.714     6.455     6.455     0.117     0.012     0.012         Maughan2008
    80.056     8.110     8.110     0.139     0.014     0.014         Maughan2008
    74.499     7.547     7.547     0.116     0.012     0.012         Maughan2008
    62.272     6.309     6.309     0.129     0.013     0.013         Maughan2008
    51.306     5.198     5.198     0.125     0.013     0.013         Maughan2008
     8.272     0.838     0.838     0.073     0.007     0.007         Maughan2008
     2.070     0.320     0.320     0.082     0.017     0.017        Lovisari2015
     4.670     0.940     0.940     0.076     0.016     0.016        Lovisari2015
     2.390     0.540     0.540     0.084     0.021     0.021        Lovisari2015
     2.220     0.970     0.970     0.077     0.039     0.039        Lovisari2015
     2.950     0.180     0.180     0.046     0.006     0.006        Lovisari2015
     2.830     0.430     0.430     0.096     0.017     0.017        Lovisari2015
     3.310     0.240     0.240     0.052     0.006     0.006        Lovisari2015
     3.530     0.180     0.180     0.077     0.006     0.006        Lovisari2015
     3.490     0.860     0.860     0.088     0.025     0.025        Lovisari2015
     3.350     0.190     0.190     0.074     0.005     0.005        Lovisari2015
    14.400     2.620     2.620     0.080     0.019     0.019        Lovisari2015
     2.340     0.050     0.050     0.072     0.002     0.002        Lovisari2015
     4.780     0.680     0.680     0.079     0.012     0.012        Lovisari2015
     8.590     1.500     1.500     0.074     0.013     0.013        Lovisari2015
     9.510     0.570     0.570     0.095     0.007     0.007        Lovisari2015
     6.960     0.370     0.370     0.077     0.006     0.006        Lovisari2015
    10.800     1.720     1.720     0.060     0.010     0.010        Lovisari2015
     4.370     0.510     0.510     0.044     0.007     0.007        Lovisari2015
     8.000     0.420     0.420     0.078     0.005     0.005        Lovisari2015
    12.100     0.950     0.950     0.068     0.007     0.007        Lovisari2015
     5.503     0.558     0.558     0.098     0.010     0.010      Rassmussen2009
     3.848     0.390     0.390     0.101     0.012     0.012      Rassmussen2009
     3.499     0.354     0.354     0.066     0.007     0.007      Rassmussen2009
     4.389     0.445     0.445     0.062     0.007     0.007      Rassmussen2009
     2.632     0.267     0.267     0.027     0.005     0.005      Rassmussen2009
     1.783     0.181     0.181     0.067     0.023     0.023      Rassmussen2009
     1.851     0.188     0.188     0.032     0.006     0.006      Rassmussen2009
     6.156     0.624     0.624     0.114     0.012     0.012      Rassmussen2009
     0.495     0.050     0.050     0.040     0.021     0.021      Rassmussen2009
     2.563     0.260     0.260     0.070     0.008     0.008      Rassmussen2009
     2.597     0.263     0.263     0.119     0.013     0.013      Rassmussen2009
     3.074     0.311     0.311     0.075     0.008     0.008      Rassmussen2009
     1.397     0.142     0.142     0.064     0.010     0.010      Rassmussen2009
     8.082     0.819     0.819     0.116     0.012     0.012      Rassmussen2009
     2.829     0.287     0.287     0.053     0.006     0.006      Rassmussen2009
     3.160     0.830	 0.830     0.045     0.007     0.007         Pearson2017
     4.740     2.330	 2.330     0.025     0.003     0.003         Pearson2017
     2.770     1.470	 1.470     0.034     0.008     0.008         Pearson2017
    16.200     7.530	 7.530     0.037     0.010     0.010         Pearson2017
     1.200     0.120	 0.120     0.024     0.004     0.004         Pearson2017
     7.660     0.150	 0.150     0.075     0.002     0.002         Pearson2017
     6.800     1.830	 1.830     0.023     0.004     0.004         Pearson2017
     2.440     0.440	 0.440     0.008     0.001     0.001         Pearson2017
     9.100     0.800	 0.800	   0.073     0.009     0.009	   Sanderson2013
     8.800     1.300	 1.300	   0.064     0.005     0.005	   Sanderson2013
    14.000     2.100	 2.100	   0.065     0.008     0.008	   Sanderson2013
    13.000     3.500	 3.500	   0.096     0.014     0.014	   Sanderson2013
    37.000     9.600	 9.600	   0.075     0.019     0.019	   Sanderson2013
    22.600     1.900	 1.900	   0.088     0.012     0.012	    Gonzalez2013
    51.500     4.200	 4.200	   0.130     0.012     0.012	    Gonzalez2013
     9.500     1.000	 1.000	   0.089     0.013     0.013	    Gonzalez2013
    34.600     3.200	 3.200	   0.126     0.020     0.020	    Gonzalez2013
    35.900     2.800	 2.800	   0.125     0.011     0.011	    Gonzalez2013
     9.900     1.100	 1.100	   0.067     0.010     0.010	    Gonzalez2013
     9.500     1.000	 1.000	   0.111     0.014     0.014	    Gonzalez2013
    32.300     1.900	 1.900	   0.133     0.009     0.009	    Gonzalez2013
    22.600     2.300	 2.300	   0.110     0.013     0.013	    Gonzalez2013
    24.100     1.800	 1.800	   0.119     0.010     0.010	    Gonzalez2013
    23.700     2.400	 2.400	   0.088     0.011     0.011	    Gonzalez2013
    14.500     2.100	 2.100	   0.075     0.013     0.013	    Gonzalez2013
