#Burgarella et al 2013, Herschel PEP/HerMES
#LCDM cosomology, (H0, Omega_m, Omega_lambda) = (70, 0.3, 0.7) and Salpeter IMF

#z      LD_IR/LD_UV +/-     A_FUV[mag]  +/-     SFRD_FUV [10^-2 M_sun yr^-1 Mpc^-3] SFRD_FIR [10^-2 M_sun yr^-1 Mpc^-3] SFRD_Tot [10^-2 M_sun yr^-1 Mpc^-3] SFRD hidden [fraction]  Beta
0.1     4.25        3.25    1.38        0.40    0.50 0.16 0.16                      1.76  1.02                          1.86  0.99                          0.69 0.10               -0.87 0.37
0.45    7.11        1.29    1.75        0.13    1.00 0.28 0.28                      4.24  0.43                          5.41  0.54                          0.82 0.03               -1.41 0.63
0.9     11.84       2.75    2.14        0.17    1.54 0.35 0.31                      10.80 1.37                          13.10 1.93                          0.88 0.03               -0.84 0.55
1.35    13.44       4.68    2.24        0.25    1.88 0.68 0.39                      14.13 1.31                          17.44 3.39                          0.89 0.04               -0.87 0.37
1.8     7.66        2.40    1.80        0.21    3.05 4.90 0.68                      13.22 0.83                          17.70 3.55                          0.82 0.04               -1.03 0.40
2.25    6.03        4.97    1.63        0.45    3.95 7.51 1.02                      11.58 2.87                          19.95 11.73                         0.74 0.11               -1.20 0.47
2.7     7.59        6.99    1.79        0.51    3.69 4.74 1.28                      11.67 4.78                          24.03 14.85                         0.75 0.15               -1.28 0.49
3.15    5.54        5.59    1.56        0.52    3.25 2.63 1.52                      7.83  3.82                          19.06 10.28                         0.68 0.18               -1.41 0.57
3.6     3.16        3.55    1.19        0.52    2.46 1.85 1.73                      3.51  2.51                          12.84 9.68                          0.53 0.23               -1.62 0.76
